       0.01  0.8585251   1.599105   1.156221   1.592444 -0.9942244   1.519949  0.7843044  0.7777739  0.6286782   6.451049   1.551561  0.7181692
      0.011  0.8542396   1.605578   1.161462   1.598252 -0.9936531   1.521939  0.7785665  0.7717078   0.626466   6.379829   1.525568  0.7141361
      0.012  0.8502238   1.611855   1.166403   1.603865 -0.9930829   1.523927  0.7732262  0.7660563  0.6243459    6.31303   1.501344   0.710336
      0.013  0.8464406    1.61796   1.171084   1.609305 -0.9925139   1.525915  0.7682273  0.7607615  0.6223076    6.25008   1.478652  0.7067391
      0.014  0.8428608   1.623909   1.175537    1.61459 -0.9919459   1.527901  0.7635253  0.7557769  0.6203429   6.190517   1.457304  0.7033214
      0.015  0.8394603   1.629716    1.17979   1.619734 -0.9913791   1.529887   0.759084  0.7510651  0.6184448   6.133962   1.437143   0.700063
      0.016  0.8362194   1.635396   1.183862    1.62475 -0.9908134   1.531871  0.7548738  0.7465954  0.6166076     6.0801   1.418041  0.6969475
      0.017  0.8331215   1.640958   1.187773   1.629649 -0.9902488   1.533854  0.7508699  0.7423419  0.6148261   6.028665   1.399889   0.693961
      0.018  0.8301529   1.646412   1.191538   1.634439 -0.9896854   1.535837  0.7470515   0.738283  0.6130959   5.979431   1.382597  0.6910916
      0.019  0.8273015   1.651765   1.195169    1.63913  -0.989123   1.537819  0.7434008  0.7344004  0.6114134   5.932202   1.366084  0.6883293
       0.02  0.8245571   1.657024   1.198678   1.643727 -0.9885617   1.539799  0.7399028   0.730678  0.6097752   5.886811   1.350283  0.6856651
      0.022   0.819355   1.667288   1.205369   1.652667 -0.9874424   1.543757  0.7333134  0.7236611  0.6066199    5.80097   1.320587  0.6806013
      0.024  0.8144876   1.677245   1.211676   1.661301 -0.9863274   1.547712  0.7271966  0.7171419  0.6036103   5.720929   1.293116  0.6758489
      0.026  0.8099091   1.686929    1.21765   1.669663 -0.9852168   1.551662  0.7214851  0.7110498  0.6007299   5.645914   1.267562  0.6713674
      0.028  0.8055828   1.696369   1.223332   1.677782 -0.9841104   1.555609  0.7161252   0.705329  0.5979655   5.575304   1.243678  0.6671239
       0.03  0.8014789   1.705586   1.228755   1.685681 -0.9830083   1.559551  0.7110737   0.699934   0.595306   5.508588   1.221263  0.6630917
      0.032  0.7975727   1.714602   1.233947   1.693379 -0.9819105    1.56349  0.7062951  0.6948276  0.5927419   5.445346   1.200151  0.6592484
      0.034  0.7938439   1.723434   1.238932   1.700893 -0.9808169   1.567426  0.7017597  0.6899787  0.5902652   5.385222   1.180202  0.6555753
      0.036  0.7902749   1.732095   1.243727   1.708239 -0.9797274   1.571357  0.6974427  0.6853612  0.5878687   5.327916   1.161299  0.6520564
      0.038  0.7868511   1.740598   1.248352   1.715428 -0.9786421   1.575285   0.693323   0.680953  0.5855465   5.273169   1.143342  0.6486781
       0.04  0.7835596   1.748955   1.252819   1.722472 -0.9775609   1.579209  0.6893825  0.6767349  0.5832933   5.220758   1.126245  0.6454285
      0.042  0.7803895   1.757176   1.257141   1.729381 -0.9764839   1.583129  0.6856054  0.6726904  0.5811042   5.170489   1.109933  0.6422972
      0.044   0.777331   1.765269   1.261331   1.736163 -0.9754109   1.587045  0.6819782  0.6688052   0.578975   5.122193   1.094339  0.6392751
      0.046  0.7743757   1.773241   1.265396   1.742826  -0.974342   1.590958  0.6784888  0.6650667  0.5769021   5.075719   1.079408  0.6363543
      0.048  0.7715161   1.781101   1.269346   1.749377 -0.9732771   1.594868  0.6751268  0.6614636   0.574882   5.030934   1.065088  0.6335276
       0.05  0.7687454   1.788854   1.273189   1.755824 -0.9722162   1.598773  0.6718827  0.6579862  0.5729116   4.987719   1.051333  0.6307887
      0.053  0.7647433   1.800297   1.278767   1.765308 -0.9706323   1.604625  0.6672198  0.6529866  0.5700433   4.925612   1.031676  0.6268325
      0.056  0.7609104    1.81153   1.284139   1.774586 -0.9690573   1.610468  0.6627794  0.6482242  0.5672725   4.866487   1.013083  0.6230441
       0.06  0.7560371   1.826207   1.291011    1.78666 -0.9669709   1.618247  0.6571688  0.6422052   0.563717   4.791831  0.9897744  0.6182288
      0.063  0.7525434   1.837007   1.295967   1.795511 -0.9654163   1.624071  0.6531706  0.6379149  0.5611465   4.738673  0.9732936  0.6147781
      0.066  0.7491757   1.847641   1.300767   1.804199 -0.9638703   1.629888  0.6493352  0.6337986  0.5586522   4.687725  0.9575881  0.6114534
       0.07  0.7448649    1.86158   1.306944   1.815547 -0.9618222   1.637631  0.6444522  0.6285573  0.5554365   4.622936  0.9377439  0.6072002
      0.075  0.7397374   1.878647   1.314339   1.829383 -0.9592831   1.647291  0.6386825  0.6223631  0.5515796   4.546507  0.9145204  0.6021457
       0.08  0.7348698   1.895352   1.321408   1.842865  -0.956767   1.656929  0.6332431  0.6165227  0.5478874   4.474603  0.8928556  0.5973528
      0.085  0.7302349   1.911726   1.328182   1.856023 -0.9542737   1.666546  0.6280975  0.6109974  0.5443451   4.406733   0.872571  0.5927944
       0.09  0.7258097   1.927794   1.334689   1.868883 -0.9518027   1.676142  0.6232151  0.6057544  0.5409401   4.342485  0.8535169  0.5884476
      0.095  0.7215746    1.94358   1.340952   1.881468 -0.9493538   1.685718  0.6185697  0.6007659  0.5376613   4.281506  0.8355663  0.5842931
        0.1  0.7175126   1.959104   1.346992     1.8938 -0.9469266   1.695272   0.614139  0.5960081  0.5344989   4.223494  0.8186108  0.5803139
       0.11  0.7098515   1.989436    1.35847    1.91777  -0.942136   1.714321  0.6058477  0.5871051  0.5284902   4.115357  0.7873234  0.5728244
       0.12  0.7027299   2.018912    1.36924   1.940913 -0.9374286    1.73329  0.5982148  0.5789107  0.5228565   4.016345  0.7590432  0.5658821
       0.13  0.6960722   2.047628   1.379394   1.963328 -0.9328021   1.752181   0.591143  0.5713204  0.5175516   3.925115   0.733299  0.5594108
       0.14  0.6898185   2.075665   1.389006   1.985093  -0.928254   1.770995  0.5845551  0.5642515  0.5125376   3.840599  0.7097203  0.5533495
       0.15  0.6839199   2.103089   1.398137   2.006274 -0.9237823   1.789735  0.5783891  0.5576375  0.5077833   3.761936  0.6880105  0.5476488
       0.16  0.6783364   2.129956   1.406837   2.026929 -0.9193849   1.808401  0.5725942   0.551424  0.5032624   3.688419  0.6679287  0.5422678
       0.17  0.6730345   2.156315   1.415147   2.047104 -0.9150597   1.826996  0.5671287  0.5455658  0.4989525   3.619462  0.6492762  0.5371723
       0.18  0.6679858   2.182207   1.423104   2.066841 -0.9108048    1.84552  0.5619572  0.5400252  0.4948344   3.554574   0.631888  0.5323335
       0.19  0.6631665   2.207667   1.430738   2.086175 -0.9066183   1.863975  0.5570501    0.53477  0.4908917   3.493336  0.6156249  0.5277269
        0.2  0.6585557   2.232728   1.438077   2.105138 -0.9024984   1.882362  0.5523819   0.529773  0.4871099   3.435392  0.6003689  0.5233311
       0.22  0.6498905   2.281758   1.451955   2.142056 -0.8944516   1.918938  0.5436778   0.520462  0.4799798   3.328199  0.5724883  0.5151013
       0.24  0.6418721   2.329485   1.464893   2.177782 -0.8866512   1.955258  0.5357016  0.5119377  0.4733592   3.230981   0.547591  0.5075232
       0.26  0.6344086    2.37606   1.477013   2.212465 -0.8790848   1.991332   0.528343  0.5040811  0.4671808   3.142188  0.5251789  0.5005025
       0.28  0.6274265   2.421607   1.488412   2.246225  -0.871741   2.027167  0.5215151  0.4967981  0.4613899   3.060599  0.5048644  0.4939641
        0.3  0.6208667   2.466229   1.499171   2.279164 -0.8646092   2.062773  0.5151483  0.4900136  0.4559417   2.985237  0.4863408  0.4878475
       0.32  0.6146804   2.510013   1.509358   2.311367 -0.8576793   2.098157  0.5091857  0.4836659  0.4507987   2.915307  0.4693613  0.4821027
       0.34  0.6088271   2.553031   1.519027   2.342906 -0.8509419   2.133327  0.5035806  0.4777045  0.4459295   2.850154  0.4537247  0.4766884
       0.36  0.6032725   2.595349   1.528227   2.373841 -0.8443884    2.16829  0.4982938   0.472087  0.4413073   2.789232   0.439265  0.4715698
       0.38  0.5979876   2.637021      1.537   2.404228 -0.8380104   2.203052  0.4932922  0.4667775   0.436909   2.732082  0.4258438  0.4667173
        0.4  0.5929475   2.678096   1.545381   2.434111 -0.8318003    2.23762  0.4885476  0.4617457  0.4327148   2.678313  0.4133445  0.4621056
       0.42  0.5881306   2.718616   1.553401   2.463533 -0.8257508   2.272001   0.484036  0.4569652  0.4287073    2.62759  0.4016682  0.4577127
       0.44  0.5835181   2.758619   1.561088   2.492528 -0.8198551   2.306198  0.4797363  0.4524134  0.4248712   2.579626  0.3907302  0.4535197
       0.46  0.5790935   2.798138   1.568466   2.521129 -0.8141067    2.34022  0.4756303  0.4480705  0.4211932    2.53417  0.3804577  0.4495099
       0.48  0.5748423   2.837204   1.575557   2.549365 -0.8084995   2.374069   0.471702  0.4439193  0.4176614   2.491002  0.3707874  0.4456687
        0.5  0.5707516   2.875845   1.582381    2.57726  -0.803028   2.407752  0.4679374  0.4399444  0.4142651   2.449931  0.3616642  0.4419831
       0.53  0.5648917   2.933059   1.592152   2.618516  -0.795063   2.457975  0.4625704  0.4342836  0.4094043   2.391887  0.3489013  0.4367216
       0.56  0.5593335   2.989444   1.601411   2.659126 -0.7873739    2.50785  0.4575072  0.4289499  0.4047993   2.337688  0.3371226  0.4317507
        0.6  0.5523426   3.063442   1.613038   2.712371  -0.777524   2.573831  0.4511759  0.4222898  0.3990158   2.270687  0.3227496  0.4255256
       0.63  0.5473829   3.118125    1.62127   2.751693 -0.7704197   2.622946  0.4467086  0.4175969  0.3949191   2.223935  0.3128451  0.4211275
      0.645  0.5449866   3.145223    1.62524   2.771173 -0.7669539   2.647389  0.4445575  0.4153391  0.3929419   2.201579  0.3081452   0.419008       
       0.66  0.5426429   3.172165   1.629118    2.79054 -0.7635436   2.671757  0.4424579  0.4131367  0.3910094   2.179857  0.3036016  0.4169383
        0.7  0.5366337   3.243288   1.639039   2.841663 -0.7547095   2.736385  0.4370946  0.4075164  0.3860612   2.124814  0.2921894  0.4116473
       0.75  0.5295708   3.330822   1.650648   2.904593 -0.7441674   2.816476  0.4308266  0.4009586  0.3802579   2.061305  0.2792042  0.4054567
        0.8  0.5229503   3.416971    1.66147   2.966562  -0.734139   2.895839  0.4249854   0.394858  0.3748314   2.002923  0.2674422  0.3996813
       0.85   0.516722   3.501861    1.67159   3.027682 -0.7245832   2.974516  0.4195196  0.3891591  0.3697389   1.949003    0.25673  0.3942721
        0.9  0.5108438   3.585603    1.68108   3.088043 -0.7154637   3.052546  0.4143865  0.3838156  0.3649443   1.898996  0.2469263  0.3891882
       0.95  0.5052799   3.668288   1.690001   3.147725 -0.7067478   3.129962  0.4095501  0.3787889   0.360417   1.852445   0.237915   0.384395
          1        0.5       3.75   1.698406   3.206796 -0.6984061   3.206796  0.4049801  0.3740461  0.3561309   1.808963  0.2295994  0.3798633
   1.000001  0.4999999   3.750002  -0.698406   3.206798   1.698406   3.206797    0.40498  0.3740461  0.3561308   1.808962  0.2295993  0.3798633
        1.1  0.4901902   3.910783 -0.6827426   3.358837    1.71385   3.323333  0.3965383   0.365304  0.3481948   1.729951  0.2147431  0.3714869
        1.2  0.4812427   4.068437 -0.6682904   3.508876   1.727718   3.438037  0.3888921  0.3574074  0.3409883   1.659863  0.2018445   0.363895
        1.3  0.4730249   4.223346 -0.6548987   3.657095   1.740252   3.551209  0.3819128  0.3502181  0.3343976   1.597127  0.1905266  0.3569623
        1.4  0.4654327   4.375826 -0.6424418   3.803647   1.751642   3.663083  0.3755003  0.3436286  0.3283331   1.540536  0.1805054  0.3505908
        1.5  0.4583825   4.526136 -0.6308138   3.948668   1.762045   3.773846   0.369575  0.3375536   0.322723   1.489145  0.1715624  0.3447025
        1.6  0.4518063   4.674492 -0.6199251   4.092278   1.771588   3.883651  0.3640728  0.3319247  0.3175093   1.442203  0.1635266  0.3392345
        1.7   0.445648   4.821078 -0.6096991   4.234579   1.780375   3.992624  0.3589411  0.3266857  0.3126437   1.399102  0.1562623  0.3341349
        1.8  0.4398609   4.966053 -0.6000698   4.375667   1.788496   4.100868  0.3541367  0.3217904  0.3080866   1.359347  0.1496597  0.3293609
        1.9  0.4344056    5.10955 -0.5909802   4.515622   1.796026   4.208471  0.3496231     0.3172  0.3038041   1.322525  0.1436295  0.3248766
          2  0.4292484   5.251689 -0.5823807   4.654521   1.803028   4.315505  0.3453695  0.3128819  0.2997679   1.288296  0.1380982  0.3206514
        2.1  0.4243607   5.392573 -0.5742278   4.792428   1.809557   4.422033  0.3413498  0.3088082  0.2959535   1.256368  0.1330044  0.3166595
        2.2  0.4197176   5.532294 -0.5664833   4.929405    1.81566   4.528108  0.3375415  0.3049551  0.2923399   1.226497  0.1282966  0.3128784
       2.3  0.4152974   5.670931 -0.5591134   5.065507   1.821379   4.633777   0.333925  0.3013019  0.2889088   1.198472  0.1239313  0.3092888
        2.4  0.4110813   5.808558 -0.5520881   5.200783   1.826748    4.73908  0.3304835  0.2978308  0.2856442   1.172111  0.1198714  0.3058738
        2.5  0.4070525    5.94524 -0.5453808   5.335278     1.8318   4.844051   0.327202   0.294526  0.2825323   1.147257  0.1160849  0.3026187
        2.6  0.4031964   6.081034 -0.5389676   5.469034   1.836563   4.948721  0.3240676  0.2913736  0.2795606   1.123773  0.1125444  0.2995103
        2.8  0.3959511   6.350164   -0.52694   5.734479   1.845314   5.157262  0.3181945  0.2854791  0.2739954   1.080447   0.106109  0.2936891
          3  0.3892566   6.616318 -0.5158581   5.997388   1.853167   5.364882  0.3127861  0.2800649  0.2688742    1.04133  0.1004078  0.2883321
        3.2  0.3830408   6.879799 -0.5056012   6.257992   1.860255   5.571724  0.3077795  0.2750649  0.2641375   1.005788 0.09531916  0.2833765
        3.4  0.3772447   7.140865 -0.4960692   6.516491   1.866685   5.777902  0.3031235  0.2704258  0.2597364  0.9733121 0.09074706  0.2787712
        3.6  0.3718195   7.399738 -0.4871785   6.773058   1.872546   5.983509  0.2987759  0.2661033  0.2556306  0.9434907 0.08661492  0.2744741
        3.8  0.3667242   7.656606 -0.4788584   7.027844   1.877911   6.188621  0.2947016  0.2620607  0.2517865  0.9159847 0.08286076  0.2704499
          4   0.361924   7.911633 -0.4710487   7.280983   1.882839   6.393301  0.2908709  0.2582672  0.2481758   0.890513 0.07943386  0.2666689
        4.2  0.3573894   8.164964 -0.4636979   7.532593   1.887384   6.597602  0.2872586  0.2546966  0.2447742  0.8668397 0.07629232   0.263106
        4.4  0.3530948   8.416723 -0.4567616   7.782779   1.891587   6.801568  0.2838431  0.2513266  0.2415611  0.8447655 0.07340118  0.2597396
        4.6  0.3490182   8.667025 -0.4502011   8.031635   1.895487   7.005237  0.2806059  0.2481379  0.2385187  0.8241207 0.07073102   0.256551
        4.8  0.3451403   8.915967 -0.4439827   8.279246   1.899115   7.208642  0.2775309  0.2451138  0.2356314  0.8047596 0.06825694  0.2535242
          5  0.3414443   9.163639 -0.4380768   8.525688   1.902498   7.411809  0.2746038  0.2422397  0.2328858  0.7865564 0.06595766  0.2506449
        5.3  0.3362094   9.532939 -0.4297477   8.893309   1.907167   7.716168   0.270464  0.2381823  0.2290071  0.7611876 0.06279727  0.2465759
        5.6  0.3313075   9.899797 -0.4219878   9.258661   1.911408   8.020115  0.2665936  0.2343971  0.2253859  0.7378693 0.05993812  0.2427755
          6  0.3252277    10.3855 -0.4124179   9.742577   1.916494   8.424832  0.2618011  0.2297209  0.2209091  0.7095284 0.05652326  0.2380745
        6.3  0.3209708   10.74741 -0.4057544    10.1033   1.919939   8.728019  0.2584505  0.2264588   0.217784  0.6900647 0.05421687  0.2347913
        6.6  0.3169454   11.10748 -0.3994819   10.46228   1.923111   9.030947  0.2552856  0.2233831  0.2148359  0.6719445 0.05209856  0.2316927
          7  0.3119011   11.58492  -0.391662   10.93841   1.926969   9.434498  0.2513243  0.2195409  0.2111514  0.6496264 0.04952834  0.2278182
        7.5  0.3060546   12.17784 -0.3826553   11.52988   1.931277   9.938454  0.2467389  0.2151042  0.2068943  0.6242948  0.0466639  0.2233388
          8  0.3006529   12.76688 -0.3743891   12.11765   1.935105   10.44196  0.2425078  0.2110205  0.2029737  0.6013974 0.04412394  0.2192108
        8.5  0.2956387   13.35241 -0.3667645   12.70206   1.938529   10.94508  0.2385846  0.2072428  0.1993451  0.5805746 0.04185548  0.2153879
          9  0.2909649   13.93477 -0.3596998   13.28342   1.941609   11.44789  0.2349311  0.2037327  0.1959722  0.5615367 0.03981656  0.2118321
        9.5  0.2865921   14.51423 -0.3531278   13.86199   1.944395   11.95042  0.2315158  0.2004582  0.1928245  0.5440472 0.03797352  0.2085119
         10  0.2824874   15.09104  -0.346992     14.438   1.946927   12.45272  0.2283121  0.1973927  0.1898768  0.5279111 0.03629903  0.2054008
         11  0.2749739   16.23753  -0.335845    15.5831   1.951356   13.45673   0.222453  0.1918018  0.1844985  0.4990749  0.0333698  0.1997201
         12  0.2682445   17.37564 -0.3259547   16.72005   1.955102   14.46012  0.2172104   0.186816  0.1797003  0.4740092 0.03089098   0.194647
         13  0.2621639   18.50648 -0.3170946   17.84992   1.958313   15.46301  0.2124767  0.1823283  0.1753799  0.4519731 0.02876489  0.1900749
         14  0.2566284   19.63093 -0.3090923   18.97354   1.961094   16.46551  0.2081697  0.1782569  0.1714591  0.4324134  0.0269204  0.1859221
         15  0.2515566   20.74974 -0.3018135   20.09163   1.963528   17.46769  0.2042251  0.1745378  0.1678769  0.4149078 0.02530441  0.1821249
         16  0.2468833    21.8635  -0.295152   21.20475   1.965675   18.46962  0.2005915  0.1711205  0.1645847  0.3991277 0.02387647  0.1786325
         17  0.2425561   22.97271 -0.2890225   22.31341   1.967583   19.47132  0.1972278  0.1679642  0.1615436  0.3848131 0.02260519  0.1754041
         18  0.2385318   24.07781 -0.2833555   23.41802    1.96929   20.47285  0.1940999  0.1650357  0.1587214  0.3717552 0.02146585  0.1724063
         19  0.2347746   25.17916 -0.2780937   24.51894   1.970826   21.47422  0.1911798  0.1623073  0.1560919  0.3597844 0.02043871  0.1696114
         20  0.2312546   26.27709 -0.2731894   25.61647   1.972216   22.47546  0.1884441  0.1597561  0.1536329  0.3487612 0.01950779  0.1669962
         22  0.2248281   28.46372 -0.2642991   27.80244   1.974633   24.47761  0.1834494  0.1551106   0.149155  0.3291131 0.01788467  0.1622299
         24  0.2190902   30.63955 -0.2564306   29.97771   1.976663   26.47942  0.1789892   0.150976  0.1451692  0.3120871 0.01651657   0.157983
         26  0.2139198   32.80602  -0.249396   32.14372   1.978392   28.48096  0.1749692  0.1472607  0.1415873  0.2971599 0.01534725  0.1541632
         28  0.2092245   34.96428 -0.2430531   34.30158   1.979883   30.48228  0.1713174  0.1438951  0.1383424  0.2839424 0.01433594  0.1506998
         30  0.2049317   37.11528  -0.237292   36.45224   1.981181   32.48343  0.1679775  0.1408249  0.1353823  0.2721385 0.01345237  0.1475379
         32  0.2009843    39.2598 -0.2320259   38.59647   1.982322   34.48444   0.164905  0.1380073  0.1326657  0.2615189 0.01267358  0.1446339
         34  0.1973356    41.3985 -0.2271854    40.7349   1.983332   36.48533   0.162064  0.1354077  0.1301593  0.2519027  0.0119818   0.141953
         36   0.193948   43.53192 -0.2227142   42.86809   1.984233   38.48613   0.159425   0.132998  0.1278361  0.2431449 0.01136312  0.1394664
         38  0.1907899   45.66054 -0.2185659   44.99652   1.985042   40.48685  0.1569639  0.1307551  0.1256737  0.2351283 0.01080642  0.1371506
         40  0.1878353   47.78478 -0.2147022   47.12057   1.985772   42.48749  0.1546602  0.1286596  0.1236534  0.2277563 0.01030276  0.1349859
         42  0.1850619   49.90498 -0.2110908   49.24062   1.986433   44.48808  0.1524969  0.1266953  0.1217597  0.2209493 0.009844852  0.1329557
         44  0.1824511   52.02147 -0.2077044   51.35696   1.987036   46.48861  0.1504594  0.1248483  0.1199791  0.2146404 0.009426675  0.1310459
         46  0.1799866   54.13452 -0.2045197   53.46987   1.987588   48.48909  0.1485353  0.1231068  0.1183003  0.2087734 0.009043233  0.1292444
         48  0.1776546   56.24436 -0.2015167    55.5796   1.988095   50.48954  0.1467137  0.1214607  0.1167135  0.2033002 0.008690338  0.1275409
         50  0.1754429   58.35122 -0.1986782   57.68635   1.988562   52.48995  0.1449854  0.1199011  0.1152101  0.1981799 0.008364451  0.1259263
         53  0.1723282   61.50635 -0.1946965   60.84133   1.989197   55.49051  0.1425501  0.1177073  0.1130955  0.1910851 0.007919795  0.1236541
         56  0.1694305   64.65578 -0.1910082   63.99062   1.989766   58.49101  0.1402829  0.1156689  0.1111308  0.1846057 0.007520824  0.1215418
         60  0.1658608   68.84699 -0.1864865   68.18169   1.990437   62.49161  0.1374879  0.1131613   0.108714  0.1767846 0.007048456   0.118942
         63  0.1633773   71.98494 -0.1833544   71.31954   1.990885     65.492  0.1355419   0.111419  0.1070349  0.1714473 0.006732002  0.1171346
         66  0.1610406   75.11861 -0.1804179   74.45312   1.991293   68.49236  0.1337098  0.1097812  0.1054566  0.1665032 0.006443203  0.1154351
         70  0.1581282   79.29072  -0.176772   78.62512   1.991784   72.49279  0.1314246  0.1077422  0.1034918  0.1604464 0.006095197  0.1133182
         75  0.1547739   84.49694 -0.1725923   83.83122   1.992324   77.49327  0.1287906  0.1053969  0.1012319  0.1536153 0.005710491  0.1108821
         80  0.1516949   89.69424 -0.1687734   89.02842   1.992798   82.49368  0.1263703  0.1032468 0.09916037  0.1474804 0.005372169  0.1086477
         85  0.1488535   94.88353 -0.1652646   94.21763   1.993217   87.49405  0.1241347   0.101265  0.0972511  0.1419339 0.005072269  0.1065871
         90  0.1462191   100.0656 -0.1620245   99.39961    1.99359   92.49438  0.1220603 0.09942957 0.09548302  0.1368899 0.004804557  0.1046779
         95  0.1437666   105.2411 -0.1590192    104.575   1.993924   97.49467  0.1201273 0.09772254 0.09383873  0.1322789 0.004564085  0.1029015
        100  0.1414749   110.4105 -0.1562207   109.7444   1.994224   102.4949  0.1183196 0.09612889 0.09230377   0.128044 0.004346873  0.1012425